# unix_time, cycles_done, cur_path, paths_total, pending_total, pending_favs, map_size, unique_crashes, unique_hangs, max_depth, execs_per_sec
1520700574, 0, 0, 1, 1, 1, 4.34%, 0, 0, 1, 12.03
1520700625, 0, 0, 44, 44, 1, 4.46%, 1, 0, 2, 36.64
1520700641, 0, 0, 58, 58, 1, 4.48%, 1, 0, 2, 90.26
1520700646, 0, 0, 70, 70, 1, 4.50%, 2, 0, 2, 19.59
1520700651, 0, 0, 73, 73, 1, 4.50%, 2, 0, 2, 16.38
1520700656, 0, 0, 77, 77, 1, 4.51%, 2, 0, 2, 17.23
1520700661, 0, 0, 93, 93, 1, 4.66%, 2, 0, 2, 32.64
1520700666, 0, 0, 96, 96, 1, 4.67%, 2, 0, 2, 18.91
1520700671, 0, 0, 111, 111, 1, 4.72%, 3, 0, 2, 34.85
1520700681, 0, 0, 125, 125, 1, 4.78%, 6, 0, 2, 34.44
1520700687, 0, 0, 130, 130, 1, 4.79%, 6, 0, 2, 23.18
1520700692, 0, 0, 142, 142, 1, 4.82%, 9, 0, 2, 37.84
1520700697, 0, 0, 146, 146, 1, 4.82%, 9, 0, 2, 22.96
1520700702, 0, 0, 152, 152, 1, 4.82%, 9, 0, 2, 23.40
1520700707, 0, 0, 165, 165, 1, 4.82%, 10, 0, 2, 40.34
1520700712, 0, 0, 177, 177, 1, 4.83%, 11, 0, 2, 30.81
1520700717, 0, 0, 190, 190, 1, 4.84%, 14, 0, 2, 41.92
1520700722, 0, 0, 192, 192, 1, 4.84%, 14, 0, 2, 23.02
1520700727, 0, 0, 202, 202, 1, 4.84%, 14, 0, 2, 34.10
1520700732, 0, 0, 202, 202, 1, 4.84%, 15, 0, 2, 20.61
1520700737, 0, 0, 206, 206, 1, 4.84%, 15, 0, 2, 35.70
1520700742, 0, 0, 208, 208, 1, 4.84%, 15, 0, 2, 22.43
1520700748, 0, 0, 210, 210, 1, 4.84%, 15, 0, 2, 18.37
1520700753, 0, 0, 217, 217, 1, 4.84%, 15, 0, 2, 28.46
1520700763, 0, 0, 220, 220, 1, 4.84%, 15, 0, 2, 32.50
1520700768, 0, 0, 222, 222, 1, 4.84%, 15, 0, 2, 20.85
1520700773, 0, 0, 223, 223, 1, 4.84%, 15, 0, 2, 25.32
1520700778, 0, 0, 230, 230, 1, 4.84%, 15, 0, 2, 26.46
1520700783, 0, 0, 232, 232, 1, 4.84%, 15, 0, 2, 20.26
1520700789, 0, 0, 239, 239, 1, 4.84%, 15, 0, 2, 36.93
1520700794, 0, 0, 240, 240, 1, 4.84%, 15, 0, 2, 20.93
1520700799, 0, 0, 244, 244, 1, 4.84%, 15, 0, 2, 22.61
1520700804, 0, 0, 254, 254, 1, 4.84%, 15, 0, 2, 32.09
1520700809, 0, 0, 254, 254, 1, 4.84%, 16, 0, 2, 19.62
1520700814, 0, 0, 259, 259, 1, 4.84%, 16, 0, 2, 37.00
1520700819, 0, 0, 261, 261, 1, 4.84%, 16, 0, 2, 21.90
1520700825, 0, 0, 262, 262, 1, 4.84%, 16, 0, 2, 19.06
1520700830, 0, 0, 266, 266, 1, 4.84%, 16, 0, 2, 25.10
1520700835, 0, 0, 266, 266, 1, 4.84%, 17, 0, 2, 17.80
1520700840, 0, 0, 274, 274, 1, 4.84%, 17, 0, 2, 38.48
1520700845, 0, 0, 275, 275, 1, 4.84%, 17, 0, 2, 21.50
1520700850, 0, 0, 277, 277, 1, 4.84%, 18, 0, 2, 21.86
1520700855, 0, 0, 283, 283, 1, 4.84%, 18, 0, 2, 26.72
1520700860, 0, 0, 283, 283, 1, 4.84%, 19, 0, 2, 18.16
1520700866, 0, 0, 289, 289, 1, 4.84%, 19, 0, 2, 37.13
1520700871, 0, 0, 290, 290, 1, 4.84%, 19, 0, 2, 21.85
1520700881, 0, 0, 294, 294, 1, 4.84%, 19, 0, 2, 26.90
1520700891, 0, 0, 297, 297, 1, 4.84%, 19, 0, 2, 34.09
1520700896, 0, 0, 298, 298, 1, 4.84%, 19, 0, 2, 21.19
1520700901, 0, 0, 298, 298, 1, 4.84%, 20, 0, 2, 16.69
1520700906, 0, 0, 304, 304, 1, 4.84%, 20, 0, 2, 29.85
1520700916, 0, 0, 307, 307, 1, 4.84%, 20, 0, 2, 30.60
1520700922, 0, 0, 308, 308, 1, 4.84%, 20, 0, 2, 21.58
1520700927, 0, 0, 309, 309, 1, 4.84%, 21, 0, 2, 17.22
1520700932, 0, 0, 317, 317, 1, 4.84%, 21, 0, 2, 32.27
1520700937, 0, 0, 317, 317, 1, 4.84%, 22, 0, 2, 20.31
1520700947, 0, 0, 324, 324, 1, 4.84%, 22, 0, 2, 26.49
1520700952, 0, 0, 325, 325, 1, 4.84%, 22, 0, 2, 18.78
1520700957, 0, 0, 331, 331, 1, 4.84%, 22, 0, 2, 36.80
1520700967, 0, 0, 332, 332, 1, 4.84%, 23, 0, 2, 16.86
1520700973, 0, 0, 340, 340, 1, 4.84%, 23, 0, 2, 30.57
1520700978, 0, 0, 340, 340, 1, 4.84%, 24, 0, 2, 19.24
1520700983, 0, 0, 344, 344, 1, 4.84%, 24, 0, 2, 30.09
1520700988, 0, 0, 348, 348, 1, 4.84%, 24, 0, 2, 25.07
1520700998, 0, 0, 351, 351, 1, 4.84%, 24, 0, 2, 30.00
1520701009, 0, 0, 353, 353, 1, 4.84%, 24, 0, 2, 26.98
1520701014, 0, 0, 355, 355, 1, 4.84%, 24, 0, 2, 22.96
1520701019, 0, 0, 355, 355, 1, 4.84%, 25, 0, 2, 16.84
1520701024, 0, 0, 361, 361, 1, 4.84%, 25, 0, 2, 32.45
1520701029, 0, 0, 362, 362, 1, 4.84%, 25, 0, 2, 21.45
1520701034, 0, 0, 363, 363, 1, 4.84%, 25, 0, 2, 25.81
1520701039, 0, 0, 366, 366, 1, 4.84%, 25, 0, 2, 23.63
1520701044, 0, 0, 366, 366, 1, 4.84%, 26, 0, 2, 17.02
1520701049, 0, 0, 372, 372, 1, 4.84%, 26, 0, 2, 34.11
1520701060, 0, 0, 374, 374, 1, 4.84%, 26, 0, 2, 26.29
1520701065, 0, 0, 376, 376, 1, 4.84%, 26, 0, 2, 23.40
1520701070, 0, 0, 376, 376, 1, 4.84%, 27, 0, 2, 17.08
1520701075, 0, 0, 385, 385, 1, 4.84%, 27, 0, 2, 38.06
1520701085, 0, 0, 387, 387, 1, 4.84%, 27, 0, 2, 21.70
1520701090, 0, 0, 394, 394, 1, 4.84%, 27, 0, 2, 28.40
1520701095, 0, 0, 394, 394, 1, 4.84%, 28, 0, 2, 18.63
1520701101, 0, 0, 399, 399, 1, 4.84%, 28, 0, 2, 36.59
1520701106, 0, 0, 400, 400, 1, 4.84%, 28, 0, 2, 21.12
1520701111, 0, 0, 401, 401, 1, 4.84%, 29, 0, 2, 18.46
1520701116, 0, 0, 408, 408, 1, 4.84%, 29, 0, 2, 29.74
1520701126, 0, 0, 409, 409, 1, 4.84%, 29, 0, 2, 31.91
1520701131, 0, 0, 410, 410, 1, 4.84%, 29, 0, 2, 20.61
1520701142, 0, 0, 413, 413, 1, 4.84%, 29, 0, 2, 25.13
1520701152, 0, 0, 416, 416, 1, 4.84%, 29, 0, 2, 33.35
1520701162, 0, 0, 418, 418, 1, 4.84%, 30, 0, 2, 22.15
1520701167, 0, 0, 425, 425, 1, 4.84%, 30, 0, 2, 28.61
1520701177, 0, 0, 428, 428, 1, 4.84%, 30, 0, 2, 34.83
1520701188, 0, 0, 428, 428, 1, 4.84%, 31, 0, 2, 17.00
1520701193, 0, 0, 430, 430, 1, 4.84%, 31, 0, 2, 23.70
1520701198, 0, 0, 430, 430, 1, 4.84%, 32, 0, 2, 17.29
1520701203, 0, 0, 432, 432, 1, 4.84%, 32, 0, 2, 30.69
1520701208, 0, 0, 432, 432, 1, 4.84%, 33, 0, 2, 19.92
1520701213, 0, 0, 433, 433, 1, 4.84%, 33, 0, 2, 24.75
1520701218, 0, 0, 434, 434, 1, 4.84%, 33, 0, 2, 22.44
1520701229, 0, 0, 438, 438, 1, 4.84%, 33, 0, 2, 30.12
1520701234, 0, 0, 438, 438, 1, 4.84%, 34, 0, 2, 19.61
1520701239, 0, 0, 440, 440, 1, 4.84%, 34, 0, 2, 29.79
1520701249, 0, 0, 440, 440, 1, 4.84%, 35, 0, 2, 16.62
1520701254, 0, 0, 446, 446, 1, 4.84%, 35, 0, 2, 30.59
1520701259, 0, 0, 446, 446, 1, 4.84%, 36, 0, 2, 19.43
1520701264, 0, 0, 450, 450, 1, 4.84%, 36, 0, 2, 30.78
1520701270, 0, 0, 451, 451, 1, 4.84%, 36, 0, 2, 22.38
1520701280, 0, 0, 456, 456, 1, 4.84%, 36, 0, 2, 30.48
1520701285, 0, 0, 457, 457, 1, 4.84%, 37, 0, 2, 20.59
1520701290, 0, 0, 460, 460, 1, 4.84%, 37, 0, 2, 29.03
1520701295, 0, 0, 462, 462, 1, 4.84%, 37, 0, 2, 23.20
1520701306, 0, 0, 465, 465, 1, 4.84%, 37, 0, 2, 28.85
1520701311, 0, 0, 465, 465, 1, 4.84%, 38, 0, 2, 18.96
1520701316, 0, 0, 467, 467, 1, 4.84%, 38, 0, 2, 29.76
1520701331, 0, 0, 472, 472, 1, 4.84%, 38, 0, 2, 29.96
1520701336, 0, 0, 472, 472, 1, 4.84%, 39, 0, 2, 19.27
1520701341, 0, 0, 476, 476, 1, 4.84%, 39, 0, 2, 31.36
1520701357, 0, 0, 479, 479, 1, 4.84%, 39, 0, 2, 27.14
1520701367, 0, 0, 480, 480, 1, 4.84%, 39, 0, 2, 32.57
1520701377, 0, 0, 480, 480, 1, 4.84%, 40, 0, 2, 16.51
1520701382, 0, 0, 483, 483, 1, 4.84%, 40, 0, 2, 24.73
1520701388, 0, 0, 483, 483, 1, 4.84%, 41, 0, 2, 17.56
1520701393, 0, 0, 485, 485, 1, 4.84%, 41, 0, 2, 31.58
1520701408, 0, 0, 486, 486, 1, 4.84%, 41, 0, 2, 22.09
1520701413, 0, 0, 486, 486, 1, 4.84%, 42, 0, 2, 16.44
1520701418, 0, 0, 489, 489, 1, 4.84%, 42, 0, 2, 29.30
1520701424, 0, 0, 489, 489, 1, 4.84%, 43, 0, 2, 19.37
1520701429, 0, 0, 492, 492, 1, 4.84%, 43, 0, 2, 29.51
1520701434, 0, 0, 493, 493, 1, 4.84%, 43, 0, 2, 8.46
1520701439, 0, 0, 493, 493, 1, 4.84%, 44, 0, 2, 13.35
1520701444, 0, 0, 499, 499, 1, 4.84%, 44, 0, 2, 35.20
1520701454, 0, 0, 500, 500, 1, 4.84%, 45, 0, 2, 19.63
1520701459, 0, 0, 501, 501, 1, 4.84%, 45, 0, 2, 23.61
1520701464, 0, 0, 501, 501, 1, 4.84%, 46, 0, 2, 17.31
1520701469, 0, 0, 505, 505, 1, 4.84%, 46, 0, 2, 33.76
1520701480, 0, 0, 506, 506, 1, 4.84%, 46, 0, 2, 20.68
1520701485, 0, 0, 510, 510, 1, 4.84%, 46, 0, 2, 24.71
1520701495, 0, 0, 512, 512, 1, 4.84%, 46, 0, 2, 32.47
1520701500, 0, 0, 512, 512, 1, 4.84%, 47, 0, 2, 20.30
1520701505, 0, 0, 513, 513, 1, 4.84%, 47, 0, 2, 20.75
1520701510, 0, 0, 514, 514, 1, 4.84%, 47, 0, 2, 23.38
1520701515, 0, 0, 514, 514, 1, 4.84%, 48, 0, 2, 17.20
1520701520, 0, 0, 517, 517, 1, 4.84%, 48, 0, 2, 30.71
1520701525, 0, 0, 517, 517, 1, 4.84%, 49, 0, 2, 19.77
1520701531, 0, 0, 519, 519, 1, 4.84%, 49, 0, 2, 28.24
1520701536, 0, 0, 520, 520, 1, 4.84%, 49, 0, 2, 22.51
1520701541, 0, 0, 520, 520, 1, 4.84%, 50, 0, 2, 17.16
1520701546, 0, 0, 521, 521, 1, 4.84%, 50, 0, 2, 26.42
1520701551, 0, 0, 521, 521, 1, 4.84%, 51, 0, 2, 18.35
1520701556, 0, 0, 522, 522, 1, 4.84%, 51, 0, 2, 32.89
1520701572, 0, 0, 526, 526, 1, 4.84%, 51, 0, 2, 24.62
1520701582, 0, 0, 527, 527, 1, 4.84%, 51, 0, 2, 29.65
1520701587, 0, 0, 528, 528, 1, 4.84%, 52, 0, 2, 19.75
1520701592, 0, 0, 529, 529, 1, 4.84%, 52, 0, 2, 28.21
1520701597, 0, 0, 530, 530, 1, 4.84%, 52, 0, 2, 21.86
1520701607, 0, 0, 533, 533, 1, 4.84%, 52, 0, 2, 28.08
1520701612, 0, 0, 533, 533, 1, 4.84%, 53, 0, 2, 18.61
1520701617, 0, 0, 535, 535, 1, 4.84%, 53, 0, 2, 31.68
1520701628, 0, 0, 535, 535, 1, 4.84%, 54, 0, 2, 16.87
1520701633, 0, 0, 537, 537, 1, 4.84%, 54, 0, 2, 24.46
1520701638, 0, 0, 537, 537, 1, 4.84%, 55, 0, 2, 17.65
1520701643, 0, 0, 541, 541, 1, 4.84%, 55, 0, 2, 34.08
1520701653, 0, 0, 543, 543, 1, 4.84%, 56, 0, 2, 20.02
1520701658, 0, 0, 544, 544, 1, 4.84%, 56, 0, 2, 24.16
1520701668, 0, 0, 548, 548, 1, 4.84%, 56, 0, 2, 32.74
1520701684, 0, 0, 550, 550, 1, 4.84%, 56, 0, 2, 22.69
1520701694, 0, 0, 552, 552, 1, 4.84%, 56, 0, 2, 28.60
1520701704, 0, 0, 554, 554, 1, 4.84%, 56, 0, 2, 29.29
1520701709, 0, 0, 555, 555, 1, 4.84%, 56, 0, 2, 21.98
1520701719, 0, 0, 556, 556, 1, 4.84%, 56, 0, 2, 26.08
1520701730, 0, 0, 557, 557, 1, 4.84%, 56, 0, 2, 32.56
1520701740, 0, 0, 558, 558, 1, 4.84%, 57, 0, 2, 17.92
1520701745, 0, 0, 561, 561, 1, 4.84%, 57, 0, 2, 25.03
1520701750, 0, 0, 561, 561, 1, 4.84%, 58, 0, 2, 17.81
1520701755, 0, 0, 563, 563, 1, 4.84%, 58, 0, 2, 31.33
1520701760, 0, 0, 564, 564, 1, 4.84%, 59, 0, 2, 20.59
1520701770, 0, 0, 565, 565, 1, 4.84%, 59, 0, 2, 22.24
1520701781, 0, 0, 568, 568, 1, 4.84%, 59, 0, 2, 29.12
1520701806, 0, 0, 570, 570, 1, 4.84%, 59, 0, 2, 23.90
1520701822, 0, 0, 570, 570, 1, 4.84%, 60, 0, 2, 19.15
1520701827, 0, 0, 573, 573, 1, 4.84%, 60, 0, 2, 30.85
1520701847, 0, 0, 573, 573, 1, 4.84%, 61, 0, 2, 17.43
1520701863, 0, 0, 574, 574, 1, 4.84%, 61, 0, 2, 28.83
1520701873, 0, 0, 574, 574, 1, 4.84%, 62, 0, 2, 16.59
1520701878, 0, 0, 575, 575, 1, 4.84%, 62, 0, 2, 25.12
1520701883, 0, 0, 575, 575, 1, 4.84%, 63, 0, 2, 17.91
1520701888, 0, 0, 578, 578, 1, 4.84%, 63, 0, 2, 34.60
1520701898, 0, 0, 578, 578, 1, 4.84%, 64, 0, 2, 17.48
1520701909, 0, 0, 578, 578, 1, 4.84%, 65, 0, 2, 16.78
1520701914, 0, 0, 580, 580, 1, 4.84%, 65, 0, 2, 28.80
1520701924, 0, 0, 581, 581, 1, 4.84%, 65, 0, 2, 30.34
1520701929, 0, 0, 582, 582, 1, 4.84%, 65, 0, 2, 20.75
1520701939, 0, 0, 585, 585, 1, 4.84%, 65, 0, 2, 25.69
1520701950, 0, 0, 586, 586, 1, 4.84%, 65, 0, 2, 30.72
1520701955, 0, 0, 586, 586, 1, 4.84%, 66, 0, 2, 19.94
1520701960, 0, 0, 587, 587, 1, 4.84%, 66, 0, 2, 26.06
1520701965, 0, 0, 588, 588, 1, 4.84%, 66, 0, 2, 22.42
1520701970, 0, 0, 588, 588, 1, 4.84%, 67, 0, 2, 16.87
1520701975, 0, 0, 592, 592, 1, 4.84%, 67, 0, 2, 29.87
1520701980, 0, 0, 592, 592, 1, 4.84%, 68, 0, 2, 19.54
1520701985, 0, 0, 595, 595, 1, 4.84%, 68, 0, 2, 30.96
1520702001, 0, 0, 599, 599, 1, 4.84%, 68, 0, 2, 30.14
1520702006, 0, 0, 599, 599, 1, 4.84%, 69, 0, 2, 19.25
1520702016, 0, 0, 600, 600, 1, 4.84%, 69, 0, 2, 22.13
1520702026, 0, 0, 602, 602, 1, 4.84%, 69, 0, 2, 29.74
1520702046, 0, 0, 602, 602, 1, 4.84%, 70, 0, 2, 16.71
1520702051, 0, 0, 604, 604, 1, 4.84%, 70, 0, 2, 30.07
1520702057, 0, 0, 604, 604, 1, 4.84%, 71, 0, 2, 19.48
1520702067, 0, 0, 605, 605, 1, 4.84%, 71, 0, 2, 22.92
1520702077, 0, 0, 607, 607, 1, 4.84%, 71, 0, 2, 30.61
1520702092, 0, 0, 608, 608, 1, 4.84%, 71, 0, 2, 22.58
1520702098, 0, 0, 608, 608, 1, 4.84%, 72, 0, 2, 16.80
1520702103, 0, 0, 611, 611, 1, 4.84%, 72, 0, 2, 32.49
1520702123, 0, 0, 611, 611, 1, 4.84%, 73, 0, 2, 16.63
1520702128, 0, 0, 613, 613, 1, 4.84%, 73, 0, 2, 31.39
1520702143, 0, 0, 614, 614, 1, 4.84%, 73, 0, 2, 23.27
1520702148, 0, 0, 614, 614, 1, 4.84%, 74, 0, 2, 17.19
1520702154, 0, 0, 617, 617, 1, 4.84%, 74, 0, 2, 33.88
1520702169, 0, 0, 620, 620, 1, 4.84%, 74, 0, 2, 25.87
1520702184, 0, 0, 621, 621, 1, 4.84%, 74, 0, 2, 19.75
1520702195, 0, 0, 623, 623, 1, 4.84%, 74, 0, 2, 25.48
1520702215, 0, 0, 623, 623, 1, 4.84%, 75, 0, 2, 16.59
1520702220, 0, 0, 626, 626, 1, 4.84%, 75, 0, 2, 26.28
1520702225, 0, 0, 626, 626, 1, 4.84%, 76, 0, 2, 18.08
1520702230, 0, 0, 627, 627, 1, 4.84%, 76, 0, 2, 31.04
1520702246, 0, 0, 629, 629, 1, 4.84%, 76, 0, 2, 25.19
1520702256, 0, 0, 630, 630, 1, 4.84%, 76, 0, 2, 31.36
1520702261, 0, 0, 631, 631, 1, 4.84%, 76, 0, 2, 20.51
1520702266, 0, 0, 631, 631, 1, 4.84%, 77, 0, 2, 16.52
1520702271, 0, 0, 633, 633, 1, 4.84%, 77, 0, 2, 26.80
1520702276, 0, 0, 633, 633, 1, 4.84%, 78, 0, 2, 18.38
1520702281, 0, 0, 634, 634, 1, 4.84%, 78, 0, 2, 27.85
1520702286, 0, 0, 636, 636, 1, 4.84%, 78, 0, 2, 21.55
1520702291, 0, 0, 636, 636, 1, 4.84%, 79, 0, 2, 16.80
1520702297, 0, 0, 638, 638, 1, 4.84%, 79, 0, 2, 28.43
1520702302, 0, 0, 638, 638, 1, 4.84%, 80, 0, 2, 18.92
1520702307, 0, 0, 640, 640, 1, 4.84%, 80, 0, 2, 26.80
1520702312, 0, 0, 641, 641, 1, 4.84%, 80, 0, 2, 22.02
1520702322, 0, 0, 643, 643, 1, 4.84%, 80, 0, 2, 29.38
1520702327, 0, 0, 643, 643, 1, 4.84%, 81, 0, 2, 19.19
1520702338, 0, 0, 644, 644, 1, 4.84%, 81, 0, 2, 21.53
1520702348, 0, 0, 646, 646, 1, 4.84%, 81, 0, 2, 28.40
1520702353, 0, 0, 646, 646, 1, 4.84%, 82, 0, 2, 19.20
1520702368, 0, 0, 646, 646, 1, 4.84%, 83, 0, 2, 16.58
1520702373, 0, 0, 647, 647, 1, 4.84%, 83, 0, 2, 27.01
1520702379, 0, 0, 647, 647, 1, 4.84%, 84, 0, 2, 18.22
1520702384, 0, 0, 649, 649, 1, 4.84%, 84, 0, 2, 28.28
1520702389, 0, 0, 650, 650, 1, 4.84%, 84, 0, 2, 21.81
1520702399, 0, 0, 651, 651, 1, 4.84%, 84, 0, 2, 27.33
1520702404, 0, 0, 651, 651, 1, 4.84%, 85, 0, 2, 18.70
1520702409, 0, 0, 652, 652, 1, 4.84%, 85, 0, 2, 26.86
1520702414, 0, 0, 654, 654, 1, 4.84%, 85, 0, 2, 22.50
1520702420, 0, 0, 654, 654, 1, 4.84%, 86, 0, 2, 17.04
1520702425, 0, 0, 657, 657, 1, 4.84%, 86, 0, 2, 30.18
1520702445, 0, 0, 657, 657, 1, 4.84%, 87, 0, 2, 16.57
1520702450, 0, 0, 660, 660, 1, 4.84%, 87, 0, 2, 31.23
1520702466, 0, 0, 661, 661, 1, 4.84%, 87, 0, 2, 22.69
1520702476, 0, 0, 665, 665, 1, 4.84%, 87, 0, 2, 34.16
1520702491, 0, 0, 667, 667, 1, 4.84%, 87, 0, 2, 24.01
1520702501, 0, 0, 669, 669, 1, 4.84%, 87, 0, 2, 32.48
1520702517, 0, 0, 670, 670, 1, 4.84%, 87, 0, 2, 23.71
1520702522, 0, 0, 670, 670, 1, 4.84%, 88, 0, 2, 17.22
1520702537, 0, 0, 670, 670, 1, 4.84%, 89, 0, 2, 16.33
1520702542, 0, 0, 671, 671, 1, 4.84%, 89, 0, 2, 23.72
1520702547, 0, 0, 671, 671, 1, 4.84%, 90, 0, 2, 17.37
1520702552, 0, 0, 672, 672, 1, 4.84%, 90, 0, 2, 32.10
1520702568, 0, 0, 673, 673, 1, 4.84%, 90, 0, 2, 24.17
1520702578, 0, 0, 675, 675, 1, 4.84%, 90, 0, 2, 31.57
1520702583, 0, 0, 676, 676, 1, 4.84%, 90, 0, 2, 20.69
1520702588, 0, 0, 676, 676, 1, 4.84%, 91, 0, 2, 16.68
1520702593, 0, 0, 677, 677, 1, 4.84%, 91, 0, 2, 25.84
1520702598, 0, 0, 677, 677, 1, 4.84%, 92, 0, 2, 18.11
1520702603, 0, 0, 678, 678, 1, 4.84%, 92, 0, 2, 27.95
1520702614, 0, 0, 678, 678, 1, 4.84%, 93, 0, 2, 16.48
1520702619, 0, 0, 680, 680, 1, 4.84%, 93, 0, 2, 25.66
1520702629, 0, 0, 681, 681, 1, 4.84%, 93, 0, 2, 28.34
1520702644, 0, 0, 683, 683, 1, 4.84%, 93, 0, 2, 26.91
1520702680, 0, 0, 684, 684, 1, 4.84%, 93, 0, 2, 29.98
1520702695, 0, 0, 685, 685, 1, 4.84%, 93, 0, 2, 25.27
1520702701, 0, 0, 685, 685, 1, 4.84%, 94, 0, 2, 17.78
1520702706, 0, 0, 686, 686, 1, 4.84%, 94, 0, 2, 29.57
1520702721, 0, 0, 691, 691, 1, 4.84%, 95, 0, 2, 37.80
1520702726, 0, 0, 699, 699, 1, 4.84%, 96, 0, 2, 42.47
1520702731, 0, 0, 704, 704, 1, 4.84%, 97, 0, 2, 46.93
1520702737, 0, 0, 710, 710, 1, 4.84%, 98, 0, 2, 41.98
1520702742, 0, 0, 714, 714, 1, 4.84%, 98, 0, 2, 46.21
1520702747, 0, 0, 718, 718, 1, 4.84%, 98, 0, 2, 42.05
1520702752, 0, 0, 720, 720, 1, 4.84%, 99, 0, 2, 46.48
1520702757, 0, 0, 721, 721, 1, 4.84%, 99, 0, 2, 45.44
1520702762, 0, 0, 723, 723, 1, 4.84%, 100, 0, 2, 42.36
1520702768, 0, 0, 729, 729, 1, 4.84%, 100, 0, 2, 42.07
1520702773, 0, 0, 730, 730, 1, 4.84%, 100, 0, 2, 43.05
1520702778, 0, 0, 733, 733, 1, 4.84%, 101, 0, 2, 43.23
